4 78 23 41 22 33 77 59 90 65 25 31 36 28 62 92 61 43 97 37 16 27 18 56 93 83 6 96 14 99 48 12 72 44 5 15 2 40 30 21 86 38 20 39 73 10 71 51 80 69 76 74 9 58 84 60 26 47 17 7 19 34 91 35 50 79 87 64 89 24 75 11 53 8 46 1 88 68 94 3 45 57 98 100 54 67 42 66 70 63 52 95 32 13 55 82 29 85 81 49 
16 92 6 17 22 48 78 55 8 71 28 10 37 81 79 99 77 97 3 93 43 5 14 2 51 64 36 72 25 9 20 33 38 60 45 76 11 35 67 95 47 83 58 100 31 42 74 41 32 70 24 73 59 98 53 7 44 40 91 18 27 89 4 23 52 39 82 63 94 34 86 68 96 65 29 80 50 49 21 54 57 87 15 62 85 56 26 69 46 66 12 13 88 61 30 1 19 90 84 75 
68 15 78 21 71 70 93 44 10 45 49 48 29 73 14 74 23 59 72 100 2 39 82 97 32 22 42 61 53 19 8 87 92 18 17 40 96 66 47 88 67 54 89 6 28 13 98 46 55 84 99 63 11 7 90 85 4 3 80 20 34 25 36 1 33 60 35 81 69 9 26 50 95 38 37 31 64 51 43 75 12 41 52 65 76 62 24 16 58 27 77 91 56 86 79 30 83 57 94 5 
64 40 76 56 22 90 17 84 49 29 39 34 28 31 8 97 96 83 94 15 44 99 51 2 27 89 57 75 24 63 58 52 98 79 77 48 61 50 53 81 7 92 62 73 33 95 11 54 67 36 20 80 70 78 26 72 59 35 6 32 19 66 38 82 10 25 21 1 43 86 71 13 14 4 65 55 47 5 87 16 45 100 85 91 69 30 3 74 12 9 88 68 46 60 93 41 18 42 23 37 
35 71 57 44 46 51 82 45 31 16 50 7 29 77 73 64 2 14 38 76 68 98 24 78 36 34 86 91 9 12 10 4 74 81 89 53 40 67 65 19 11 79 18 48 90 20 37 93 41 49 100 92 25 54 6 39 13 59 5 96 56 42 32 58 26 84 97 99 52 22 83 21 17 27 33 62 1 94 95 75 85 63 47 8 87 70 80 55 3 30 60 43 72 66 88 23 61 69 28 15 
91 65 57 46 16 90 7 29 53 93 54 72 99 40 3 58 39 52 32 12 26 36 77 28 81 21 9 31 79 33 2 71 73 84 8 18 98 44 69 100 20 42 15 87 86 4 68 10 23 13 14 17 95 85 47 75 94 80 6 1 55 64 63 30 61 62 92 88 97 67 50 24 83 19 27 78 74 59 38 11 70 22 48 43 49 25 96 35 89 45 34 51 37 41 60 82 5 56 76 66 
31 3 42 27 1 24 36 50 18 8 10 12 99 60 30 32 41 90 68 52 94 39 74 54 20 23 22 65 76 96 75 85 13 81 43 97 63 38 95 87 35 26 5 79 92 64 44 21 93 70 14 61 67 84 73 89 33 34 88 66 80 48 2 11 4 91 46 49 59 45 37 28 82 53 16 77 57 51 29 6 15 25 83 7 56 19 86 62 100 78 58 9 40 47 71 72 98 55 17 69 
85 46 65 49 23 96 30 31 24 15 41 56 79 52 17 48 77 28 33 38 55 63 81 59 9 10 78 92 16 86 98 87 80 35 36 8 27 6 90 94 84 75 70 72 61 73 40 57 43 71 68 44 97 54 58 62 22 50 3 11 32 82 91 25 34 53 88 69 66 95 37 13 60 18 14 39 2 100 26 93 21 7 19 67 51 64 89 12 20 76 47 5 45 29 83 99 1 4 74 42 
25 63 74 81 96 94 65 86 35 4 59 82 75 46 80 68 37 58 20 10 48 67 71 1 7 32 84 70 23 6 3 79 15 14 100 54 44 91 30 90 36 56 16 87 53 18 73 50 21 83 28 97 13 95 98 5 93 41 76 57 62 42 85 89 66 22 88 34 72 64 33 40 9 52 60 19 99 69 2 38 12 51 49 31 43 39 27 61 11 92 17 55 77 47 26 78 29 24 8 45 
35 21 65 68 20 48 49 1 36 26 85 57 63 33 40 62 14 16 60 77 39 10 7 53 8 44 91 2 99 55 73 23 34 88 95 4 84 54 76 50 80 9 51 6 5 87 75 92 79 45 46 32 94 27 43 96 72 37 98 66 41 38 81 19 52 83 69 58 22 86 67 31 15 17 28 71 56 97 59 90 24 13 25 93 47 82 29 78 12 30 42 100 74 61 64 89 70 3 18 11 
57 99 25 52 66 48 73 93 46 44 69 78 27 68 96 64 20 81 85 33 49 29 71 83 8 19 87 16 17 23 82 79 36 53 14 95 51 59 77 6 26 39 47 72 42 45 56 24 92 61 1 43 5 54 22 40 91 98 84 55 89 100 31 65 63 21 35 3 10 18 62 75 86 7 90 41 70 74 12 9 94 28 67 4 2 50 97 58 13 11 38 32 88 80 60 37 15 30 76 34 
85 30 17 43 16 38 61 19 10 37 47 75 89 24 91 79 81 88 100 8 76 48 31 21 39 92 74 65 53 40 42 25 44 68 14 27 64 87 98 96 3 97 73 2 56 29 1 66 18 94 33 82 90 12 80 52 71 59 32 49 62 51 5 20 54 58 99 95 72 84 28 50 9 7 34 60 70 77 15 83 55 57 86 22 93 46 13 11 4 45 78 26 41 69 36 23 35 6 63 67 
38 37 39 7 96 14 88 72 87 25 81 3 29 31 34 94 89 90 15 71 55 84 50 43 92 46 62 67 63 54 91 73 58 16 8 76 36 33 2 98 57 19 53 93 61 59 5 47 60 83 18 48 49 51 45 13 1 10 97 9 99 30 85 41 11 77 26 65 64 68 22 42 66 70 28 32 79 20 86 82 17 74 44 6 78 52 21 23 100 40 80 27 4 95 69 12 35 75 56 24 
62 58 3 5 29 67 87 15 88 52 41 90 93 10 79 18 63 33 64 83 4 45 68 7 77 65 49 47 69 66 55 54 34 35 26 24 22 16 81 43 39 46 85 19 82 12 50 95 14 2 32 1 31 23 36 8 70 28 86 99 27 61 60 17 91 30 76 84 94 96 74 13 11 98 48 51 42 56 9 21 71 97 59 38 40 89 78 44 37 100 53 6 72 75 92 73 57 80 20 25 
54 25 16 45 59 28 31 30 10 92 32 84 77 34 24 4 91 80 63 52 94 46 99 49 22 64 74 1 48 8 6 81 36 53 47 2 71 9 12 88 70 44 58 14 38 7 5 75 90 17 27 33 39 26 89 35 11 69 55 67 82 73 3 20 13 56 98 40 62 23 37 42 97 29 86 50 19 78 51 61 76 66 95 85 93 43 68 72 41 96 15 60 100 83 79 87 65 57 21 18 
91 36 39 44 32 1 94 12 22 4 89 24 42 100 38 50 40 75 70 93 3 48 2 64 17 95 85 34 37 98 30 72 51 92 61 74 28 27 65 87 96 8 53 33 31 84 9 7 67 14 97 63 47 21 62 43 60 13 45 83 19 69 5 80 77 59 16 81 86 46 11 71 20 90 23 25 82 29 6 88 41 10 54 73 26 35 55 79 78 57 52 15 76 68 66 49 99 58 18 56 
84 39 25 75 97 3 95 89 85 54 15 51 34 81 28 4 71 8 60 79 14 96 77 65 64 7 20 9 74 49 44 33 46 55 43 12 2 19 21 29 67 57 69 76 50 73 58 36 47 22 94 10 1 93 92 90 72 82 37 27 23 31 98 48 70 68 88 78 80 16 62 41 66 26 35 11 53 56 63 91 59 52 45 61 17 42 5 30 6 86 87 40 24 13 38 83 100 99 18 32 
26 98 41 3 92 46 20 90 68 64 76 8 86 97 47 58 25 61 28 99 69 12 31 6 33 60 44 82 43 34 16 27 80 4 88 79 100 11 53 42 5 21 15 37 93 63 77 19 2 59 7 78 72 24 67 9 23 81 35 94 30 70 75 51 18 40 13 66 62 55 56 49 73 36 89 85 32 65 14 95 29 57 91 54 96 50 45 74 87 48 22 39 71 10 1 83 17 38 84 52 
3 20 19 1 10 84 46 99 2 81 90 78 91 95 74 56 27 45 96 51 44 88 47 83 40 70 94 79 98 32 9 89 11 8 69 48 42 49 29 58 12 33 28 14 43 23 16 31 54 93 66 34 35 92 7 68 60 36 77 39 41 26 65 62 38 13 75 87 15 71 5 17 86 97 25 63 18 73 21 80 24 100 82 61 64 55 4 76 85 22 30 72 57 6 37 67 50 52 53 59 
26 82 35 92 63 29 33 60 1 61 88 74 93 43 62 47 19 38 2 5 32 4 72 97 94 18 46 73 48 30 85 44 17 16 39 54 81 22 58 21 98 25 65 51 36 95 23 9 14 79 6 66 99 13 100 49 28 3 91 31 11 87 53 42 41 55 68 83 86 50 80 24 7 40 34 8 15 12 45 27 52 77 59 20 69 71 64 78 89 67 76 37 96 10 84 90 56 75 57 70 
1 50 72 56 88 44 2 81 32 17 95 97 18 45 94 77 93 16 31 43 48 23 78 63 39 91 6 67 51 25 38 75 24 54 65 21 26 41 19 35 10 47 58 87 28 36 69 8 59 84 49 14 4 96 13 20 68 22 85 74 86 29 79 5 11 37 83 90 34 100 98 66 64 52 71 76 57 9 53 70 99 33 82 42 61 30 3 89 73 55 15 7 80 27 12 46 60 62 40 92 
99 35 59 88 42 52 77 16 27 6 25 14 51 38 92 30 24 29 87 17 31 84 36 85 95 13 11 69 93 41 33 70 7 68 79 21 100 78 81 82 86 55 32 71 45 4 1 74 8 9 3 20 34 90 60 96 2 43 72 83 39 63 76 23 26 40 10 66 98 12 28 19 61 58 46 80 65 94 62 48 67 5 18 54 49 56 73 57 91 44 37 15 97 22 89 75 47 64 53 50 
68 22 8 16 78 99 36 19 13 59 79 87 72 82 34 49 94 37 83 6 15 98 5 75 21 14 63 32 89 20 96 39 69 43 7 47 12 4 67 74 18 81 11 80 52 3 76 10 35 30 25 71 61 90 100 91 58 64 42 54 40 23 41 70 28 62 88 55 9 53 84 95 1 24 46 56 44 57 17 85 73 65 26 93 97 50 60 33 48 77 45 29 51 31 86 27 38 2 66 92 
50 9 15 67 10 21 81 14 48 16 7 51 66 55 47 62 77 64 13 65 84 56 76 91 94 61 98 1 29 60 49 28 83 36 59 12 4 11 97 80 58 45 95 31 27 78 74 26 68 23 99 40 20 2 22 39 25 69 3 87 63 73 93 35 46 82 100 19 41 42 37 85 34 43 18 44 96 79 33 32 17 38 5 90 54 8 52 71 6 24 53 75 70 89 72 88 86 57 92 30 
19 65 86 75 18 97 33 21 55 5 64 7 69 20 81 36 25 82 52 89 59 87 9 93 43 70 90 34 11 73 1 99 72 41 2 92 10 91 32 26 83 27 42 94 12 58 24 35 56 44 45 22 67 66 8 50 16 13 38 100 62 96 29 54 71 77 46 95 53 28 79 49 84 78 48 6 15 88 37 74 4 14 39 17 30 23 31 61 80 51 76 60 68 63 40 57 47 3 85 98 
22 86 7 93 23 12 45 31 44 14 27 61 66 29 43 81 84 38 92 64 99 57 37 75 70 52 47 82 9 53 55 71 58 78 21 35 60 8 79 63 6 11 65 97 16 25 13 96 49 39 36 18 41 88 83 85 76 20 95 68 5 19 42 89 24 77 90 72 51 94 40 98 15 69 10 34 67 1 100 2 3 48 87 54 28 33 32 26 59 50 56 91 80 46 74 73 62 17 30 4 
59 48 98 19 64 93 49 89 85 83 8 73 18 44 16 58 57 95 31 74 1 3 20 76 86 24 11 26 15 27 75 82 71 96 13 81 7 41 80 90 53 45 67 30 91 43 10 60 33 66 40 23 6 29 52 100 4 63 78 25 79 70 46 77 72 61 34 88 50 69 37 22 51 21 36 94 54 92 32 97 9 35 17 68 87 56 28 65 5 42 62 12 39 38 14 2 99 84 55 47 
85 29 72 60 24 13 36 35 58 41 5 48 91 100 47 93 65 10 4 68 82 26 70 89 33 57 56 44 22 61 20 96 7 98 80 67 77 12 46 3 8 53 55 34 25 23 64 18 28 1 66 97 87 9 84 27 75 62 81 15 86 88 63 51 19 54 50 21 45 49 17 99 43 78 6 16 79 40 39 69 71 76 94 83 30 92 14 90 31 52 38 74 11 95 73 59 2 42 37 32 
45 61 52 50 94 47 7 25 35 60 70 59 22 9 36 74 53 27 73 20 62 14 82 32 31 87 56 41 98 91 4 96 67 21 39 37 75 65 100 17 49 15 34 43 81 51 93 18 95 29 26 8 80 77 88 66 79 10 99 11 19 71 44 76 6 16 89 86 63 23 57 69 78 40 38 84 92 97 85 58 54 5 90 68 33 3 12 1 13 64 72 42 2 28 24 83 55 48 46 30 
78 42 41 14 99 93 85 71 58 63 76 81 83 15 75 34 95 77 100 82 9 43 47 98 68 74 3 96 11 79 92 19 60 22 1 69 97 51 17 6 26 7 86 2 52 91 65 70 49 57 37 62 84 38 33 59 94 12 80 88 90 30 13 67 27 40 31 45 73 16 48 44 53 55 5 46 8 28 61 54 72 25 87 24 29 20 23 10 66 50 21 18 4 32 64 56 89 35 39 36 
66 58 87 3 85 78 54 47 10 44 68 46 60 67 94 22 17 29 12 1 84 69 39 34 19 98 75 36 91 64 27 88 26 99 96 33 100 86 92 4 20 56 70 16 49 83 48 23 53 51 41 76 38 74 18 14 31 62 52 79 61 7 82 30 40 9 13 43 55 25 95 65 50 24 2 59 21 81 77 71 57 73 93 15 97 72 89 90 42 35 63 8 28 11 5 45 6 32 80 37 
87 76 44 18 48 80 11 69 15 91 35 97 36 26 95 75 59 88 99 96 12 89 1 5 4 9 39 14 63 7 29 68 70 62 34 31 94 100 23 46 54 3 40 78 90 17 57 86 55 13 93 19 53 73 52 85 8 20 79 30 82 22 42 37 65 10 43 25 98 60 41 58 83 28 66 38 6 2 49 21 33 27 72 92 56 84 71 32 67 16 61 45 74 47 51 81 50 77 24 64 
60 88 54 52 6 26 43 51 18 48 95 28 91 92 55 38 66 17 46 57 82 58 29 86 19 73 44 85 89 62 94 27 21 34 23 33 40 5 70 30 12 36 9 13 67 81 74 64 78 96 42 35 69 59 25 77 10 32 97 37 15 22 47 16 87 49 2 7 65 80 68 11 4 1 72 83 84 3 45 99 90 24 63 8 100 39 61 31 50 79 98 53 20 75 14 41 93 76 71 56 
89 9 1 83 24 37 93 38 42 36 48 70 54 6 3 62 41 65 79 2 32 51 12 40 95 88 96 15 86 4 31 20 57 85 34 17 67 21 10 74 91 100 90 78 50 27 80 35 99 39 13 87 18 23 22 92 64 11 61 66 56 30 97 82 26 75 16 72 8 69 5 58 94 73 60 52 28 76 98 47 45 77 44 63 46 43 55 7 84 14 29 49 68 53 81 71 59 19 25 33 
57 87 21 3 10 81 36 29 22 63 31 37 18 43 89 99 1 19 98 8 66 23 80 32 67 83 12 45 69 82 70 61 71 90 96 68 77 38 97 41 34 74 39 27 64 72 88 16 75 91 47 6 54 24 65 46 20 51 26 15 2 48 93 62 78 73 95 40 13 53 44 56 30 14 84 11 85 5 17 33 7 25 49 94 79 59 28 42 86 100 60 52 35 92 9 50 55 76 58 4 
25 90 75 46 45 23 21 58 83 84 89 34 8 11 100 71 88 55 47 78 80 12 30 77 5 74 62 44 48 54 35 53 70 19 68 49 66 31 39 64 26 24 38 94 72 73 57 40 10 36 86 82 81 27 29 9 43 85 63 7 15 3 93 16 60 17 52 51 69 14 13 79 67 76 37 1 99 95 65 97 59 61 50 18 2 91 42 96 98 4 87 56 6 28 41 92 33 20 32 22 
30 49 83 89 77 88 97 58 78 26 94 91 15 51 6 40 50 75 82 54 72 19 63 60 93 56 69 31 35 29 24 59 80 81 74 73 53 36 28 11 45 96 61 44 46 71 16 4 21 7 99 8 27 66 65 41 55 13 1 95 79 12 48 64 84 98 42 100 39 76 3 38 17 2 10 67 37 5 18 20 70 86 22 14 9 25 87 32 68 23 47 57 85 33 52 34 43 90 92 62 
91 36 79 100 60 83 44 34 77 69 65 99 78 63 93 59 1 40 45 12 4 53 33 35 11 41 6 96 48 27 74 85 23 31 32 46 64 49 62 88 76 10 73 5 25 37 90 54 43 19 95 51 47 26 38 80 20 22 18 3 9 30 92 55 89 71 86 52 98 7 75 84 14 81 72 39 61 8 17 82 16 2 70 68 50 94 21 57 58 87 15 56 67 28 66 13 42 29 24 97 
69 49 80 44 26 11 21 32 48 76 38 6 53 81 57 22 67 62 23 3 30 37 27 55 20 4 54 60 61 43 47 65 19 94 64 50 83 8 74 35 98 56 73 77 36 16 99 82 15 1 12 40 66 93 24 13 95 39 78 100 75 2 85 5 17 14 96 97 33 9 58 63 87 86 41 7 31 28 91 59 45 46 72 90 71 25 52 89 18 79 88 42 51 68 29 10 84 92 34 70 
73 75 12 78 32 40 29 35 64 33 28 87 76 41 31 25 61 34 50 16 8 81 66 86 55 53 2 67 36 60 48 84 37 46 26 3 72 62 14 83 63 100 13 23 94 1 97 17 47 82 59 54 90 85 57 79 44 38 27 7 18 49 4 71 39 20 21 80 95 58 42 10 68 99 24 93 91 11 65 51 74 88 70 22 19 30 9 96 89 45 92 56 5 43 15 52 69 98 77 6 
99 32 23 53 61 28 93 100 81 76 7 84 33 63 74 88 80 94 25 9 20 78 86 92 37 45 83 16 8 97 85 82 52 65 90 50 49 54 1 71 2 70 75 91 36 35 48 39 30 51 87 77 58 79 42 38 27 17 11 62 60 34 31 72 95 55 98 44 18 15 10 41 40 66 59 67 89 64 21 13 29 68 57 24 96 73 22 3 12 69 5 47 56 43 46 19 4 6 14 26 
26 31 17 23 87 2 46 54 25 73 70 32 44 79 100 72 68 75 64 16 62 24 19 67 45 83 9 59 69 28 81 27 80 8 86 18 90 37 66 49 96 74 34 82 84 61 36 56 94 1 91 85 58 48 53 71 30 41 10 42 50 98 99 95 22 35 29 92 40 65 21 12 76 11 52 7 13 47 43 55 89 57 88 60 77 5 4 20 3 97 33 14 93 38 39 51 15 78 63 6 
60 80 62 5 22 41 16 48 40 81 71 59 45 19 30 85 54 17 13 39 87 25 58 21 79 91 7 29 83 51 35 96 31 26 63 88 28 24 61 70 99 90 32 42 12 36 74 68 46 8 73 64 69 66 86 20 1 67 78 76 33 9 34 49 27 75 44 93 97 11 89 50 47 4 57 23 2 56 53 98 10 92 14 100 84 95 82 15 38 77 65 52 43 72 37 18 94 3 6 55 
94 82 40 79 68 25 99 36 9 27 41 47 66 34 51 17 76 48 6 52 33 22 39 93 26 45 12 55 91 57 78 38 62 2 80 21 61 24 49 97 8 90 32 13 42 71 95 35 16 54 3 87 69 56 85 60 59 23 5 15 98 73 31 84 10 50 88 58 37 44 72 74 100 4 92 46 75 67 19 53 7 65 81 77 20 70 63 96 43 89 64 14 1 83 11 29 18 30 28 86 
49 60 21 100 93 14 33 61 43 87 80 24 96 59 84 32 9 29 11 85 30 72 81 76 22 2 78 69 28 48 74 20 71 50 25 54 4 41 10 86 57 26 56 58 1 17 23 64 39 95 63 36 45 3 8 16 97 65 38 99 37 90 52 83 94 92 6 82 13 12 18 98 62 15 67 42 88 55 66 77 89 75 27 91 51 34 70 19 35 53 73 68 47 7 79 46 44 40 5 31 
59 65 33 27 82 30 38 67 49 52 91 94 24 84 98 8 7 16 4 56 41 20 93 13 45 25 50 85 77 46 6 43 19 34 58 10 61 75 99 90 97 64 44 28 15 36 76 66 87 18 83 88 9 32 95 62 48 71 17 37 89 23 14 21 69 70 2 11 12 42 31 86 5 54 72 1 55 26 47 78 60 96 92 35 40 80 29 22 39 100 81 3 79 51 63 68 57 74 73 53 
57 85 97 11 1 7 70 47 90 62 16 29 66 56 45 53 76 41 52 28 73 51 67 89 74 72 88 50 40 87 68 80 4 31 14 58 5 86 49 46 24 77 55 26 98 96 81 95 38 63 78 8 64 2 48 42 33 10 99 44 25 75 21 17 61 100 27 36 9 34 3 84 35 83 43 93 30 13 12 91 6 92 79 60 54 59 15 37 22 71 94 20 18 39 32 19 65 82 69 23 
70 60 68 52 93 9 49 61 62 50 48 76 14 89 64 99 28 29 71 63 58 94 81 40 42 16 82 13 98 91 96 85 30 36 90 23 27 95 56 26 38 44 92 4 59 88 84 12 78 7 34 41 6 66 2 69 55 97 1 80 77 17 15 39 83 5 75 46 100 24 31 22 57 79 74 73 3 20 10 67 65 21 45 47 37 8 86 54 33 11 19 72 51 35 43 18 87 25 32 53 
50 100 40 12 87 45 96 5 6 41 29 63 81 20 25 59 49 91 77 73 97 93 86 90 62 24 55 31 79 38 36 48 83 34 11 88 30 84 54 98 28 92 33 76 32 4 2 18 58 22 17 70 57 47 56 21 15 27 85 39 69 64 8 53 94 78 19 82 75 23 74 14 52 51 71 95 7 65 46 3 60 35 89 10 72 16 26 80 43 13 42 9 68 99 61 44 66 37 67 1 
7 28 98 6 5 75 54 17 83 15 97 88 67 68 49 89 91 38 11 53 73 41 63 12 74 14 32 60 84 48 44 55 77 70 39 21 100 2 3 40 62 18 50 30 33 90 36 22 46 78 47 57 92 45 51 86 96 87 95 64 69 72 27 31 26 99 59 71 66 23 13 80 8 43 25 37 19 35 82 58 93 10 94 20 76 52 56 81 34 16 9 4 79 1 85 65 29 42 24 61 
